31473024	1
31473025	1
31473026	1
31473027	1
31473028	1
31473029	1
31473030	0
31473031	0
31473032	0
31473033	0
31473034	0
31473035	0
31473036	0
31473037	0
31473038	0
31473039	0
31473040	0
31473041	0
31473042	0
31473043	0
31473044	0
31473045	0
31473046	0
31473047	0
31473048	0
31473049	0
31473050	0
31473051	0
31473052	0
31473053	0
31473054	0
31473055	0
31473056	0
31473057	0
31473058	0
31473059	0
31473060	0
31473061	0
31473062	0
31473063	0
31473064	0
31473065	0
31473066	0
31473067	0
31473068	0
31473069	0
31473070	0
31473071	0
31473072	0
31473073	0
31473074	0
31473075	0
31473076	0
31473077	0
31473078	0
31473079	0
31473080	0
31473081	0
31473082	0
31473083	0
31473084	0
31473085	0
31473086	0
31473087	0
31473088	0
31473089	0
31473090	0
31473091	0
31473092	0
31473093	0
31473094	0
31473095	0
31473096	0
31473097	0
31473098	0
31473099	0
31473100	0
31473101	0
31473102	0
31473103	0
31473104	0
31473105	0
31473106	0
31473107	0
31473108	0
31473109	0
31473110	0
31473111	0
31473112	0
31473113	0
31473114	0
31473115	0
31473116	0
31473117	0
31473118	0
31473119	0
31473120	0
31473121	0
31473122	0
31473123	0
31473124	0
31473125	0
31473126	0
31473127	0
31473128	0
31473129	0
31473130	0
31473131	0
31473132	0
31473133	0
31473134	0
31473135	0
31473136	0
31473137	0
31473138	0
31473139	0
31473140	0
31473141	0
31473142	0
31473143	0
31473144	0
31473145	0
31473146	0
31473147	0
31473148	0
31473149	0
31473150	0
31473151	0
31473152	0
31473153	0
31473154	0
31473155	0
31473156	0
31473157	0
31473158	0
31473159	0
31473160	0
31473161	0
31473162	0
31473163	0
31473164	0
31473165	0
31473166	0
31473167	0
31473168	0
31473169	0
31473170	0
31473171	0
31473172	0
31473173	0
31473174	0
31473175	0
31473176	0
31473177	0
31473178	0
31473179	0
31473180	0
31473181	0
31473182	0
31473183	0
31473184	0
31473185	0
31473186	0
31473187	0
31473188	0
31473189	0
31473190	0
31473191	0
31473192	0
31473193	0
31473194	0
31473195	0
31473196	0
31473197	0
31473198	0
31473199	0
31473200	0
31473201	0
31473202	0
31473203	0
31473204	0
31473205	0
31473206	0
31473207	0
31473208	0
31473209	0
31473210	0
31473211	0
31473212	0
31473213	0
31473214	0
31473215	0
31473216	0
31473217	0
31473218	0
31473219	0
31473220	0
31473221	0
31473222	0
31473223	0
31473224	0
31473225	0
31473226	0
31473227	0
31473228	0
31473229	0
31473230	0
31473231	0
31473232	0
31473233	0
31473234	0
31473235	0
31473236	0
31473237	0
31473238	0
31473239	0
31473240	0
31473241	0
31473242	0
31473243	0
31473244	0
31473245	0
31473246	0
31473247	0
31473248	0
31473249	0
31473250	0
31473251	0
31473252	0
31473253	0
31473254	0
31473255	0
31473256	0
31473257	0
31473258	0
31473259	0
31473260	0
31473261	0
31473262	0
31473263	0
31473264	0
31473265	0
31473266	0
31473267	0
31473268	0
31473269	0
31473270	0
31473271	0
31473272	0
31473273	0
31473274	0
31473275	0
31473276	0
31473277	0
31473278	0
31473279	0
31473280	0
31473281	0
31473282	0
31473283	0
31473284	0
31473285	0
31473286	0
31473287	0
31473288	0
31473289	0
31473290	0
31473291	0
31473292	0
31473293	0
31473294	0
31473295	0
31473296	0
31473297	0
31473298	1
31473299	1
31473300	1
31473301	1
31473302	1
31473303	1
31473304	1
31473305	1
31473306	1
31473307	1
31473308	1
31473309	1
31473310	1
31473311	1
31473312	1
31473313	1
31473314	1
31473315	1
31473316	1
31473317	1
31473318	1
31473319	1
31473320	1
31473321	1
31473322	1
31473323	1
31473324	1
31473325	1
31473326	1
31473327	1
31473328	1
31473329	1
31473330	1
31473331	1
31473332	1
31473333	1
31473334	1
31473335	1
31473336	1
31473337	1
31473338	1
31473339	1
31473340	1
31473341	1
31473342	1
31473343	1
31473344	1
31473345	1
31473346	1
31473347	1
31473348	1
31473349	1
31473350	1
31473351	1
31473352	1
31473353	1
31473354	1
31473355	1
31473356	1
31473357	1
31473358	1
31473359	1
31473360	1
31473361	1
31473362	1
31473363	1
31473364	1
31473365	1
31473366	0
31473367	0
31473368	0
31473369	0
31473370	0
31473371	0
31473372	1
31473373	1
31473374	1
31473375	1
31473376	1
31473377	1
31473378	1
31473379	1
31473380	1
31473381	1
31473382	1
31473383	1
31473384	1
31473385	1
31473386	1
31473387	1
31473388	1
31473389	1
31473390	1
31473391	1
31473392	1
31473393	1
31473394	1
31473395	1
31473396	1
31473397	1
31473398	1
31473399	1
31473400	1
31473401	1
31473402	1
31473403	1
31473404	1
31473405	1
31473406	1
31473407	1
31473408	1
31473409	1
31473410	1
31473411	1
31473412	1
31473413	1
31473414	1
31473415	1
31473416	1
31473417	1
31473418	1
31473419	1
31473420	1
31473421	1
31473422	1
31473423	1
31473424	1
31473425	1
31473426	1
31473427	1
31473428	1
31473429	1
31473430	1
31473431	1
31473432	1
31473433	1
31473434	1
31473435	1
31473436	1
31473437	1
31473438	1
31473439	1
31473440	1
31473441	1
31473442	1
31473443	1
31473444	1
31473445	1
31473446	1
31473447	1
31473448	1
31473449	1
31473450	1
31473451	1
31473452	1
31473453	1
31473454	1
31473455	1
31473456	1
31473457	1
31473458	1
31473459	1
31473460	1
31473461	1
31473462	1
31473463	1
31473464	1
31473465	1
31473466	0
31473467	0
31473468	0
31473469	0
31473470	0
31473471	0
31473472	0
31473473	1
31473474	1
31473475	1
31473476	4
31473477	6
31473478	6
31473479	6
31473480	6
31473481	6
31473482	6
31473483	6
31473484	6
31473485	6
31473486	6
31473487	7
31473488	7
31473489	7
31473490	7
31473491	7
31473492	7
31473493	7
31473494	7
31473495	7
31473496	7
31473497	7
31473498	7
31473499	7
31473500	7
31473501	7
31473502	7
31473503	7
31473504	7
31473505	7
31473506	7
31473507	7
31473508	7
31473509	7
31473510	7
31473511	7
31473512	7
31473513	6
31473514	6
31473515	6
31473516	6
31473517	4
31473518	4
31473519	4
31473520	4
31473521	4
31473522	4
31473523	4
31473524	2
31473525	2
31473526	2
31473527	2
31473528	2
31473529	2
31473530	2
31473531	2
31473532	2
31473533	2
31473534	2
31473535	2
31473536	2
31473537	2
31473538	2
31473539	2
31473540	2
31473541	2
31473542	1
31473543	1
31473544	1
31473545	1
31473546	1
31473547	1
31473548	0
31473549	0
31473550	0
31473551	0
31473552	0
31473553	0
31473554	0
31473555	0
31473556	0
31473557	0
31473558	0
31473559	0
31473560	0
31473561	0
31473562	0
31473563	0
31473564	0
31473565	0
31473566	0
31473567	0
31473568	0
31473569	0
31473570	0
31473571	0
31473572	0
31473573	0
31473574	0
31473575	0
31473576	0
31473577	0
31473578	0
31473579	0
31473580	0
31473581	0
31473582	0
31473583	0
31473584	0
31473585	0
31473586	0
31473587	0
31473588	0
31473589	0
31473590	0
31473591	0
31473592	0
31473593	0
31473594	0
31473595	0
31473596	0
31473597	0
31473598	0
31473599	0
31473600	0
31473601	0
31473602	0
31473603	0
31473604	0
31473605	0
31473606	0
31473607	0
31473608	0
31473609	0
31473610	0
31473611	0
31473612	0
31473613	0
31473614	0
31473615	0
31473616	0
31473617	0
31473618	0
31473619	0
31473620	0
31473621	0
31473622	0
31473623	0
31473624	0
31473625	0
31473626	0
31473627	0
31473628	0
31473629	0
31473630	0
31473631	0
31473632	0
31473633	0
31473634	0
31473635	0
31473636	0
31473637	0
31473638	0
31473639	0
31473640	0
31473641	0
31473642	0
31473643	0
31473644	0
31473645	0
31473646	0
31473647	0
31473648	0
31473649	0
31473650	0
31473651	0
31473652	0
31473653	0
31473654	0
31473655	0
31473656	0
31473657	0
31473658	0
31473659	0
31473660	0
31473661	0
31473662	0
31473663	0
31473664	0
31473665	0
31473666	0
31473667	0
31473668	0
31473669	0
31473670	0
31473671	0
31473672	0
31473673	0
31473674	0
31473675	0
31473676	0
31473677	0
31473678	0
31473679	0
31473680	0
31473681	0
31473682	0
31473683	0
31473684	0
31473685	0
31473686	0
31473687	0
31473688	0
31473689	0
31473690	0
31473691	0
31473692	0
31473693	0
31473694	0
31473695	0
31473696	0
31473697	0
31473698	0
31473699	0
31473700	0
31473701	0
31473702	0
31473703	0
31473704	0
31473705	0
31473706	0
31473707	0
31473708	0
31473709	0
31473710	0
31473711	0
31473712	0
31473713	0
31473714	0
31473715	0
31473716	0
31473717	0
31473718	0
31473719	0
31473720	0
31473721	0
31473722	0
31473723	0
31473724	0
31473725	0
31473726	0
31473727	0
31473728	0
31473729	0
31473730	0
31473731	0
31473732	0
31473733	0
31473734	0
31473735	0
31473736	0
31473737	0
31473738	0
31473739	0
31473740	0
31473741	0
31473742	0
31473743	0
31473744	0
31473745	0
31473746	0
31473747	0
31473748	0
31473749	0
31473750	0
31473751	0
31473752	0
31473753	0
31473754	0
31473755	0
31473756	0
31473757	0
31473758	0
31473759	0
31473760	0
31473761	0
31473762	0
31473763	0
31473764	0
31473765	0
31473766	0
31473767	0
31473768	0
31473769	0
31473770	0
31473771	0
31473772	0
31473773	0
31473774	0
31473775	0
31473776	0
31473777	0
31473778	0
31473779	0
31473780	0
31473781	0
31473782	0
31473783	0
31473784	0
31473785	0
31473786	0
31473787	0
31473788	0
31473789	0
31473790	0
31473791	0
31473792	0
31473793	0
31473794	0
31473795	0
31473796	0
31473797	0
31473798	0
31473799	0
31473800	0
31473801	0
31473802	0
31473803	0
31473804	0
31473805	0
31473806	0
31473807	0
31473808	0
31473809	0
31473810	0
31473811	0
31473812	0
31473813	0
31473814	0
31473815	0
31473816	0
31473817	0
31473818	0
31473819	0
31473820	0
31473821	0
31473822	0
31473823	0
31473824	0
31473825	0
31473826	0
31473827	0
31473828	0
31473829	0
31473830	0
31473831	0
31473832	0
31473833	0
31473834	0
31473835	0
31473836	0
31473837	0
31473838	0
31473839	0
31473840	0
31473841	0
31473842	0
31473843	0
31473844	0
31473845	0
31473846	0
31473847	0
31473848	0
31473849	0
31473850	0
31473851	0
31473852	0
31473853	0
31473854	0
31473855	0
31473856	0
31473857	0
31473858	0
31473859	0
31473860	0
31473861	0
31473862	0
31473863	0
31473864	0
31473865	0
31473866	0
31473867	0
31473868	0
31473869	0
31473870	0
31473871	0
31473872	0
31473873	0
31473874	0
31473875	0
31473876	0
31473877	0
31473878	0
31473879	0
31473880	0
31473881	0
31473882	0
31473883	0
31473884	0
31473885	0
31473886	0
31473887	0
31473888	0
31473889	0
31473890	0
31473891	0
31473892	0
31473893	0
31473894	0
31473895	0
31473896	0
31473897	0
31473898	0
31473899	0
31473900	0
31473901	0
31473902	0
31473903	0
31473904	0
31473905	0
31473906	0
31473907	0
31473908	0
31473909	0
31473910	0
31473911	0
31473912	0
31473913	0
31473914	0
31473915	0
31473916	0
31473917	0
31473918	0
31473919	0
31473920	0
31473921	0
31473922	0
31473923	0
31473924	0
31473925	0
31473926	0
31473927	0
31473928	0
31473929	0
31473930	0
31473931	0
31473932	0
31473933	0
31473934	0
31473935	0
31473936	0
31473937	0
31473938	0
31473939	0
31473940	0
31473941	0
31473942	0
31473943	0
31473944	0
31473945	0
31473946	0
31473947	0
31473948	0
31473949	0
31473950	0
31473951	0
31473952	0
31473953	0
31473954	0
31473955	0
31473956	0
31473957	0
31473958	0
31473959	0
31473960	0
31473961	0
31473962	0
31473963	0
31473964	0
31473965	0
31473966	0
31473967	0
31473968	0
31473969	0
31473970	0
31473971	0
31473972	0
31473973	0
31473974	0
31473975	0
31473976	0
31473977	0
31473978	0
31473979	0
31473980	0
31473981	0
31473982	0
31473983	0
31473984	0
31473985	0
31473986	0
31473987	0
31473988	0
31473989	0
31473990	0
31473991	0
31473992	0
31473993	0
31473994	0
31473995	0
31473996	0
31473997	0
31473998	0
31473999	0
31474000	0
31474001	0
31474002	0
31474003	0
31474004	0
31474005	0
31474006	0
31474007	0
31474008	0
31474009	0
31474010	0
31474011	0
31474012	0
31474013	0
31474014	0
31474015	0
31474016	0
31474017	0
31474018	0
31474019	0
31474020	0
31474021	0
31474022	0
31474023	0
31474024	0
31474025	0
31474026	0
31474027	0
31474028	0
31474029	0
31474030	0
31474031	0
31474032	0
31474033	0
31474034	0
31474035	0
31474036	0
31474037	0
31474038	0
31474039	0
31474040	0
31474041	0
31474042	0
31474043	0
31474044	0
31474045	0
31474046	0
31474047	0
31474048	0
31474049	0
31474050	0
31474051	0
31474052	0
31474053	0
31474054	0
31474055	0
31474056	0
31474057	0
31474058	0
31474059	0
31474060	0
31474061	0
31474062	0
31474063	0
31474064	0
31474065	0
31474066	0
31474067	0
31474068	0
31474069	0
31474070	0
31474071	0
31474072	0
31474073	0
31474074	0
31474075	0
31474076	0
31474077	0
31474078	0
31474079	0
31474080	0
31474081	0
31474082	0
31474083	0
31474084	0
31474085	0
31474086	0
31474087	0
31474088	0
31474089	0
31474090	0
31474091	0
31474092	0
31474093	0
31474094	0
31474095	0
31474096	0
31474097	0
31474098	0
31474099	0
31474100	0
31474101	0
31474102	0
31474103	0
31474104	0
31474105	0
31474106	0
31474107	0
31474108	0
31474109	0
31474110	0
31474111	0
31474112	0
31474113	0
31474114	0
31474115	0
31474116	0
31474117	0
31474118	0
31474119	0
31474120	0
31474121	0
31474122	0
31474123	0
31474124	0
31474125	0
31474126	0
31474127	0
31474128	0
31474129	0
31474130	0
31474131	0
31474132	0
31474133	0
31474134	0
31474135	0
31474136	0
31474137	0
31474138	0
31474139	0
31474140	0
31474141	0
31474142	0
31474143	0
31474144	0
31474145	0
31474146	0
31474147	0
31474148	0
31474149	0
31474150	0
31474151	0
31474152	0
31474153	0
31474154	0
31474155	0
31474156	0
31474157	0
31474158	0
31474159	0
31474160	0
31474161	0
31474162	0
31474163	0
31474164	0
31474165	0
31474166	0
31474167	0
31474168	0
31474169	0
31474170	0
31474171	0
31474172	0
31474173	0
31474174	0
31474175	0
31474176	0
31474177	0
31474178	0
31474179	0
31474180	0
31474181	0
31474182	0
31474183	0
31474184	0
31474185	0
31474186	0
31474187	0
31474188	0
31474189	0
31474190	0
31474191	0
31474192	0
31474193	0
31474194	0
31474195	0
31474196	1
31474197	1
31474198	1
31474199	1
31474200	1
31474201	1
31474202	1
31474203	1
31474204	1
31474205	1
31474206	1
31474207	1
31474208	1
31474209	1
31474210	1
31474211	1
31474212	1
31474213	1
31474214	1
31474215	1
31474216	1
31474217	1
31474218	1
31474219	1
31474220	1
31474221	1
31474222	1
31474223	1
31474224	1
31474225	1
31474226	1
31474227	1
31474228	1
31474229	1
31474230	1
31474231	1
31474232	1
31474233	1
31474234	1
31474235	1
31474236	1
31474237	1
31474238	1
31474239	1
31474240	1
31474241	1
31474242	1
31474243	1
31474244	1
31474245	1
31474246	1
31474247	1
31474248	1
31474249	1
31474250	1
31474251	1
31474252	1
31474253	1
31474254	1
31474255	1
31474256	1
31474257	1
31474258	1
31474259	1
31474260	1
31474261	1
31474262	1
31474263	1
31474264	1
31474265	1
31474266	1
31474267	1
31474268	1
31474269	1
31474270	1
31474271	1
31474272	1
31474273	1
31474274	1
31474275	1
31474276	1
31474277	1
31474278	1
31474279	1
31474280	1
31474281	1
31474282	1
31474283	1
31474284	0
31474285	0
31474286	0
31474287	0
31474288	0
31474289	0
31474290	0
31474291	0
31474292	0
31474293	0
31474294	0
31474295	0
31474296	0
31474297	0
31474298	0
31474299	0
31474300	0
31474301	0
31474302	0
31474303	0
31474304	0
31474305	0
31474306	0
31474307	0
31474308	0
31474309	0
31474310	0
31474311	0
31474312	0
31474313	0
31474314	0
31474315	0
31474316	0
31474317	0
31474318	0
31474319	0
31474320	0
31474321	0
31474322	0
31474323	0
31474324	0
31474325	0
31474326	0
31474327	0
31474328	0
31474329	0
31474330	0
31474331	0
31474332	0
31474333	0
31474334	0
31474335	0
31474336	0
31474337	0
31474338	0
31474339	0
31474340	0
31474341	0
31474342	0
31474343	0
31474344	0
31474345	0
31474346	0
31474347	0
31474348	0
31474349	0
31474350	0
31474351	0
31474352	0
31474353	0
31474354	0
31474355	0
31474356	0
31474357	0
31474358	0
31474359	0
31474360	0
31474361	0
31474362	0
31474363	0
31474364	0
31474365	0
31474366	0
31474367	0
31474368	0
31474369	0
31474370	0
31474371	0
31474372	0
31474373	0
31474374	0
31474375	0
31474376	0
31474377	0
31474378	0
31474379	0
31474380	0
31474381	0
31474382	0
31474383	0
31474384	0
31474385	0
31474386	0
31474387	0
31474388	0
31474389	0
31474390	0
31474391	0
31474392	0
31474393	0
31474394	0
31474395	0
31474396	0
31474397	0
31474398	0
31474399	0
31474400	0
31474401	0
31474402	0
31474403	0
31474404	0
31474405	0
31474406	0
31474407	0
31474408	0
31474409	0
31474410	0
31474411	0
31474412	0
31474413	0
31474414	0
31474415	0
31474416	0
31474417	0
31474418	0
31474419	0
31474420	0
31474421	0
31474422	0
31474423	0
31474424	0
31474425	0
31474426	0
31474427	0
31474428	0
31474429	0
31474430	0
31474431	0
31474432	0
31474433	0
31474434	0
31474435	0
31474436	0
31474437	0
31474438	0
31474439	0
31474440	0
31474441	0
31474442	0
31474443	0
31474444	0
31474445	0
31474446	0
31474447	0
31474448	0
31474449	0
31474450	0
31474451	0
31474452	0
31474453	0
31474454	0
31474455	0
31474456	0
31474457	0
31474458	0
31474459	0
31474460	0
31474461	0
31474462	0
31474463	0
31474464	0
31474465	0
31474466	0
31474467	0
31474468	0
31474469	0
31474470	0
31474471	0
31474472	0
31474473	0
31474474	0
31474475	0
31474476	0
31474477	0
31474478	0
31474479	0
31474480	0
31474481	0
31474482	0
31474483	0
31474484	0
31474485	0
31474486	0
31474487	0
31474488	0
31474489	0
31474490	0
31474491	0
31474492	0
31474493	0
31474494	0
31474495	0
31474496	0
31474497	0
31474498	0
31474499	0
31474500	0
31474501	0
31474502	0
31474503	1
31474504	1
31474505	1
31474506	1
31474507	1
31474508	1
31474509	1
31474510	1
31474511	1
31474512	1
31474513	1
31474514	1
31474515	1
31474516	1
31474517	1
31474518	1
31474519	1
31474520	1
31474521	1
31474522	1
31474523	1
31474524	1
31474525	1
31474526	1
31474527	1
31474528	1
31474529	1
31474530	1
31474531	1
31474532	1
31474533	1
31474534	1
31474535	1
31474536	1
31474537	1
31474538	1
31474539	1
31474540	1
31474541	1
31474542	1
31474543	1
31474544	1
31474545	1
31474546	1
31474547	1
31474548	1
31474549	1
31474550	1
31474551	1
31474552	1
31474553	1
31474554	1
31474555	1
31474556	0
31474557	0
31474558	0
31474559	0
31474560	0
31474561	0
31474562	0
31474563	0
31474564	0
31474565	0
31474566	0
31474567	0
31474568	0
31474569	0
31474570	0
31474571	0
31474572	0
31474573	0
31474574	0
31474575	0
31474576	0
31474577	0
31474578	0
31474579	0
31474580	0
31474581	0
31474582	0
31474583	0
31474584	0
31474585	0
31474586	0
31474587	0
31474588	0
31474589	0
31474590	0
31474591	0
31474592	0
31474593	0
31474594	0
31474595	0
31474596	0
31474597	0
31474598	0
31474599	0
31474600	0
31474601	0
31474602	0
31474603	0
31474604	0
31474605	0
31474606	0
31474607	0
31474608	0
31474609	0
31474610	0
31474611	0
31474612	0
31474613	0
31474614	0
31474615	0
31474616	0
31474617	0
31474618	0
31474619	0
31474620	0
31474621	0
31474622	0
31474623	0
31474624	0
31474625	0
31474626	0
31474627	0
31474628	0
31474629	0
31474630	0
31474631	0
31474632	0
31474633	0
31474634	0
31474635	0
31474636	0
31474637	0
31474638	0
31474639	0
31474640	0
31474641	0
31474642	0
31474643	0
31474644	0
31474645	0
31474646	0
31474647	0
31474648	0
31474649	0
31474650	0
31474651	0
31474652	0
31474653	0
31474654	0
31474655	0
31474656	0
31474657	0
31474658	0
31474659	0
31474660	0
31474661	0
31474662	0
31474663	0
31474664	0
31474665	0
31474666	0
31474667	0
31474668	0
31474669	0
31474670	0
31474671	0
31474672	0
31474673	0
31474674	0
31474675	0
31474676	0
31474677	0
31474678	0
31474679	0
31474680	0
31474681	0
31474682	0
31474683	0
31474684	0
31474685	0
31474686	0
31474687	0
31474688	0
31474689	0
31474690	0
31474691	0
31474692	0
31474693	0
31474694	0
31474695	0
31474696	0
31474697	0
31474698	0
31474699	0
31474700	0
31474701	0
31474702	0
31474703	0
31474704	0
31474705	0
31474706	0
31474707	0
31474708	0
31474709	0
31474710	0
31474711	0
31474712	0
31474713	0
31474714	0
31474715	0
31474716	0
31474717	0
31474718	0
31474719	0
31474720	0
31474721	0
31474722	0
31474723	0
31474724	0
31474725	0
31474726	0
31474727	0
31474728	0
31474729	0
31474730	0
31474731	0
31474732	0
31474733	0
31474734	0
31474735	0
31474736	0
31474737	0
31474738	0
31474739	0
31474740	0
31474741	0
31474742	0
31474743	0
31474744	0
31474745	0
31474746	0
31474747	0
31474748	0
31474749	0
31474750	0
31474751	0
31474752	0
31474753	0
31474754	0
31474755	0
31474756	0
31474757	0
31474758	0
31474759	0
31474760	0
31474761	0
31474762	0
31474763	0
31474764	0
31474765	0
31474766	0
31474767	0
31474768	0
31474769	0
31474770	0
31474771	0
31474772	0
31474773	0
31474774	0
31474775	0
31474776	0
31474777	0
31474778	0
31474779	0
31474780	0
31474781	0
31474782	0
31474783	0
31474784	0
31474785	0
31474786	0
31474787	0
31474788	0
31474789	0
31474790	0
31474791	0
31474792	0
31474793	0
31474794	0
31474795	0
31474796	0
31474797	0
31474798	0
31474799	0
31474800	0
31474801	0
31474802	0
31474803	0
31474804	0
31474805	0
31474806	0
31474807	0
31474808	0
31474809	0
31474810	0
31474811	0
31474812	0
31474813	0
31474814	0
31474815	0
31474816	0
31474817	0
31474818	0
31474819	0
31474820	0
31474821	0
31474822	0
31474823	0
31474824	0
31474825	0
31474826	0
31474827	0
31474828	0
31474829	0
31474830	0
31474831	0
31474832	0
31474833	0
31474834	0
31474835	0
31474836	0
31474837	0
31474838	0
31474839	0
31474840	0
31474841	0
31474842	0
31474843	0
31474844	0
31474845	0
31474846	0
31474847	0
31474848	0
31474849	0
31474850	0
31474851	0
31474852	0
31474853	0
31474854	0
31474855	0
31474856	0
31474857	0
31474858	0
31474859	0
31474860	0
31474861	0
31474862	0
31474863	0
31474864	0
31474865	0
31474866	0
31474867	0
31474868	0
31474869	0
31474870	0
31474871	0
31474872	0
31474873	0
31474874	0
31474875	0
31474876	0
31474877	0
31474878	0
31474879	0
31474880	0
31474881	0
31474882	0
31474883	0
31474884	0
31474885	0
31474886	0
31474887	0
31474888	0
31474889	0
31474890	0
31474891	0
31474892	0
31474893	0
31474894	0
31474895	0
31474896	0
31474897	0
31474898	0
31474899	0
31474900	0
31474901	0
31474902	0
31474903	0
31474904	0
31474905	0
31474906	0
31474907	0
31474908	0
31474909	0
31474910	0
31474911	0
31474912	0
31474913	0
31474914	0
31474915	0
31474916	0
31474917	0
31474918	0
31474919	0
31474920	0
31474921	0
31474922	0
31474923	0
31474924	0
31474925	0
31474926	0
31474927	0
31474928	0
31474929	0
31474930	0
31474931	0
31474932	0
31474933	0
31474934	0
31474935	0
31474936	0
31474937	0
31474938	0
31474939	0
31474940	0
31474941	0
31474942	0
31474943	0
31474944	0
31474945	0
31474946	0
31474947	0
31474948	0
31474949	0
31474950	0
31474951	0
31474952	0
31474953	0
31474954	0
31474955	0
31474956	0
31474957	0
31474958	0
31474959	0
31474960	0
31474961	0
31474962	0
31474963	0
31474964	0
31474965	0
31474966	0
31474967	0
31474968	0
31474969	0
31474970	0
31474971	0
31474972	0
31474973	0
31474974	0
31474975	0
31474976	0
31474977	0
31474978	0
31474979	0
31474980	0
31474981	0
31474982	0
31474983	0
31474984	0
31474985	0
31474986	0
31474987	0
31474988	0
31474989	0
31474990	0
31474991	0
31474992	0
31474993	0
31474994	0
31474995	0
31474996	0
31474997	0
31474998	0
31474999	0
31475000	0
31475001	0
31475002	0
31475003	0
31475004	0
31475005	0
31475006	0
31475007	0
31475008	0
31475009	0
31475010	0
31475011	0
31475012	0
31475013	0
31475014	0
31475015	0
31475016	0
31475017	0
31475018	0
31475019	0
31475020	0
31475021	0
31475022	0
31475023	0
31475024	0
31475025	0
31475026	0
31475027	0
31475028	0
31475029	0
31475030	0
31475031	0
31475032	0
31475033	0
31475034	0
31475035	0
31475036	0
31475037	0
31475038	0
31475039	0
31475040	0
31475041	0
31475042	0
31475043	0
31475044	0
31475045	0
31475046	0
31475047	0
31475048	0
31475049	0
31475050	0
31475051	0
31475052	0
31475053	0
31475054	0
31475055	0
31475056	0
31475057	0
31475058	0
31475059	0
31475060	0
31475061	0
31475062	0
31475063	0
31475064	0
31475065	0
31475066	0
31475067	0
31475068	0
31475069	0
31475070	0
31475071	1
31475072	1
31475073	1
31475074	1
31475075	1
31475076	1
31475077	1
31475078	1
31475079	1
31475080	1
31475081	1
31475082	1
31475083	1
31475084	1
31475085	1
31475086	1
31475087	1
31475088	1
31475089	1
31475090	1
31475091	1
31475092	1
31475093	1
31475094	1
31475095	1
31475096	1
31475097	1
31475098	1
31475099	1
31475100	1
31475101	1
31475102	1
31475103	1
31475104	1
31475105	1
31475106	1
31475107	1
31475108	1
31475109	1
31475110	1
31475111	1
31475112	1
31475113	1
31475114	1
31475115	1
31475116	1
31475117	1
31475118	1
31475119	1
31475120	1
31475121	1
31475122	1
31475123	1
31475124	1
31475125	1
31475126	1
31475127	1
31475128	1
31475129	1
31475130	1
31475131	1
31475132	1
31475133	1
31475134	1
31475135	1
31475136	0
31475137	0
31475138	0
31475139	0
31475140	0
31475141	0
31475142	0
31475143	0
31475144	0
31475145	0
31475146	0
31475147	0
31475148	0
31475149	0
31475150	0
31475151	0
31475152	0
31475153	0
31475154	0
31475155	0
31475156	0
31475157	0
31475158	0
31475159	0
31475160	0
31475161	0
31475162	0
31475163	0
31475164	0
31475165	0
31475166	0
31475167	0
31475168	0
31475169	0
31475170	0
31475171	0
31475172	0
31475173	0
31475174	0
31475175	0
31475176	0
31475177	0
31475178	0
31475179	0
31475180	0
31475181	0
31475182	0
31475183	0
31475184	0
31475185	0
31475186	0
31475187	0
31475188	0
31475189	0
31475190	0
31475191	0
31475192	0
31475193	0
31475194	0
31475195	0
31475196	0
31475197	0
31475198	0
31475199	0
31475200	0
31475201	0
31475202	0
31475203	0
31475204	0
31475205	0
31475206	0
31475207	0
31475208	0
31475209	0
31475210	0
31475211	0
31475212	0
31475213	0
31475214	0
31475215	0
31475216	0
31475217	0
31475218	0
31475219	0
31475220	0
31475221	0
31475222	0
31475223	0
31475224	0
31475225	0
31475226	0
31475227	0
31475228	0
31475229	0
31475230	0
31475231	0
31475232	0
31475233	0
31475234	0
31475235	0
31475236	0
31475237	0
31475238	0
31475239	0
31475240	0
31475241	0
31475242	0
31475243	0
31475244	0
31475245	0
31475246	0
31475247	0
31475248	0
31475249	0
31475250	0
31475251	0
31475252	0
31475253	0
31475254	0
31475255	0
31475256	0
31475257	0
31475258	0
31475259	0
31475260	0
31475261	0
31475262	0
31475263	0
31475264	0
31475265	0
31475266	0
31475267	0
31475268	0
31475269	0
31475270	0
31475271	0
31475272	0
31475273	0
31475274	0
31475275	0
31475276	0
31475277	0
31475278	0
31475279	0
31475280	0
31475281	0
31475282	0
31475283	0
31475284	0
31475285	0
31475286	0
31475287	0
31475288	0
31475289	0
31475290	0
31475291	0
31475292	0
31475293	0
31475294	0
31475295	0
31475296	0
31475297	0
31475298	0
31475299	0
31475300	0
31475301	0
31475302	0
31475303	0
31475304	0
31475305	0
31475306	0
31475307	0
31475308	0
31475309	0
31475310	0
31475311	0
31475312	0
31475313	0
31475314	0
31475315	0
31475316	0
31475317	0
31475318	0
31475319	0
31475320	0
31475321	0
31475322	0
31475323	0
31475324	0
31475325	0
31475326	0
31475327	0
31475328	0
31475329	0
31475330	0
31475331	0
31475332	0
31475333	0
31475334	0
31475335	0
31475336	0
31475337	0
31475338	0
31475339	0
31475340	0
31475341	0
31475342	0
31475343	0
31475344	0
31475345	0
31475346	0
31475347	0
31475348	0
31475349	0
31475350	0
31475351	0
31475352	0
31475353	0
31475354	0
31475355	0
31475356	0
31475357	0
31475358	0
31475359	0
31475360	0
31475361	0
31475362	0
31475363	0
31475364	0
31475365	0
31475366	0
31475367	0
31475368	0
31475369	0
31475370	0
31475371	0
31475372	0
31475373	0
31475374	0
31475375	0
31475376	0
31475377	0
31475378	0
31475379	0
31475380	0
31475381	0
31475382	0
31475383	0
31475384	0
31475385	0
31475386	0
31475387	0
31475388	0
31475389	0
31475390	0
31475391	0
31475392	0
31475393	0
31475394	0
31475395	0
31475396	0
31475397	0
31475398	0
31475399	0
31475400	0
31475401	0
31475402	0
31475403	0
31475404	0
31475405	0
31475406	0
31475407	0
31475408	0
31475409	0
31475410	0
31475411	0
31475412	0
31475413	0
31475414	0
31475415	0
31475416	0
31475417	0
31475418	0
31475419	0
31475420	0
31475421	0
31475422	0
31475423	0
31475424	0
31475425	0
31475426	0
31475427	0
31475428	0
31475429	0
31475430	0
31475431	0
31475432	0
31475433	0
31475434	0
31475435	0
31475436	0
31475437	0
31475438	0
31475439	0
31475440	0
31475441	0
31475442	0
31475443	0
31475444	0
31475445	0
31475446	0
31475447	0
31475448	0
31475449	0
31475450	0
31475451	0
31475452	0
31475453	0
31475454	0
31475455	0
31475456	0
31475457	0
31475458	0
31475459	0
31475460	0
31475461	0
31475462	0
31475463	0
31475464	0
31475465	0
31475466	0
31475467	0
31475468	0
31475469	0
31475470	0
31475471	0
31475472	0
31475473	0
31475474	0
31475475	0
31475476	0
31475477	0
31475478	0
31475479	0
31475480	0
31475481	0
31475482	0
31475483	0
31475484	0
31475485	0
31475486	0
31475487	0
31475488	0
31475489	0
31475490	0
31475491	0
31475492	0
31475493	0
31475494	0
31475495	0
31475496	0
31475497	0
31475498	0
31475499	0
31475500	0
31475501	0
31475502	0
31475503	0
31475504	0
31475505	0
31475506	0
31475507	0
31475508	0
31475509	0
31475510	0
31475511	0
31475512	0
31475513	0
31475514	0
31475515	0
31475516	0
31475517	0
31475518	0
31475519	0
31475520	0
31475521	0
31475522	0
31475523	0
31475524	0
31475525	0
31475526	0
31475527	0
31475528	0
31475529	0
31475530	0
31475531	0
31475532	0
31475533	0
31475534	0
31475535	0
31475536	0
31475537	0
31475538	0
31475539	0
31475540	0
31475541	0
31475542	0
31475543	0
31475544	0
31475545	0
31475546	0
31475547	0
31475548	0
31475549	0
31475550	0
31475551	0
31475552	0
31475553	0
31475554	0
31475555	0
31475556	0
31475557	0
31475558	0
31475559	0
31475560	0
31475561	0
31475562	0
31475563	0
31475564	0
31475565	0
31475566	0
31475567	0
31475568	0
31475569	0
31475570	0
31475571	0
31475572	0
31475573	0
31475574	0
31475575	0
31475576	0
31475577	0
31475578	0
31475579	0
31475580	0
31475581	0
31475582	0
31475583	0
31475584	0
31475585	0
31475586	0
31475587	0
31475588	0
31475589	0
31475590	0
31475591	0
31475592	0
31475593	0
31475594	0
31475595	0
31475596	0
31475597	0
31475598	0
31475599	0
31475600	0
31475601	0
31475602	0
31475603	0
31475604	0
31475605	0
31475606	0
31475607	0
31475608	0
31475609	0
31475610	0
31475611	0
31475612	0
31475613	0
31475614	0
31475615	0
31475616	0
31475617	0
31475618	0
31475619	0
31475620	1
31475621	1
31475622	1
31475623	1
31475624	1
31475625	1
31475626	1
31475627	1
31475628	1
31475629	1
31475630	1
31475631	1
31475632	1
31475633	1
31475634	1
31475635	1
31475636	1
31475637	1
31475638	1
31475639	1
31475640	1
31475641	1
31475642	1
31475643	1
31475644	1
31475645	1
31475646	1
31475647	1
31475648	1
31475649	1
31475650	1
31475651	1
31475652	1
31475653	1
31475654	1
31475655	1
31475656	1
31475657	1
31475658	1
31475659	1
31475660	1
31475661	1
31475662	1
31475663	1
31475664	1
31475665	1
31475666	1
31475667	1
31475668	1
31475669	1
31475670	1
31475671	1
31475672	1
31475673	1
31475674	1
31475675	1
31475676	1
31475677	1
31475678	1
31475679	1
31475680	1
31475681	1
31475682	1
31475683	1
31475684	1
31475685	1
31475686	1
31475687	1
31475688	1
31475689	0
31475690	0
31475691	0
31475692	0
31475693	0
31475694	0
31475695	0
31475696	0
31475697	0
31475698	0
31475699	0
31475700	0
31475701	0
31475702	0
31475703	0
31475704	0
31475705	0
31475706	0
31475707	0
31475708	0
31475709	0
31475710	0
31475711	0
31475712	0
31475713	0
31475714	0
31475715	0
31475716	0
31475717	0
31475718	0
31475719	0
31475720	0
31475721	0
31475722	0
31475723	0
31475724	0
31475725	0
31475726	0
31475727	0
31475728	0
31475729	0
31475730	0
31475731	0
31475732	0
31475733	0
31475734	0
31475735	0
31475736	0
31475737	0
31475738	0
31475739	0
31475740	0
31475741	0
31475742	0
31475743	0
31475744	0
31475745	0
31475746	0
31475747	0
31475748	0
31475749	0
31475750	0
31475751	0
31475752	0
31475753	0
31475754	0
31475755	0
31475756	0
31475757	0
31475758	0
31475759	0
31475760	0
31475761	0
31475762	0
31475763	0
31475764	0
31475765	0
31475766	0
31475767	0
31475768	0
31475769	0
31475770	0
31475771	0
31475772	0
31475773	0
31475774	0
31475775	0
31475776	0
31475777	0
31475778	0
31475779	0
31475780	0
31475781	0
31475782	0
31475783	0
31475784	0
31475785	0
31475786	0
31475787	0
31475788	0
31475789	0
31475790	0
31475791	0
31475792	0
31475793	0
31475794	0
31475795	0
31475796	0
31475797	0
31475798	0
31475799	0
31475800	0
31475801	0
31475802	0
31475803	0
31475804	0
31475805	0
31475806	0
31475807	0
31475808	0
31475809	0
31475810	0
31475811	0
31475812	0
31475813	0
31475814	0
31475815	0
31475816	0
31475817	0
31475818	0
31475819	0
31475820	0
31475821	0
31475822	0
31475823	0
31475824	0
31475825	0
31475826	0
31475827	0
31475828	0
31475829	0
31475830	0
31475831	0
31475832	0
31475833	0
31475834	0
31475835	0
31475836	0
31475837	0
31475838	0
31475839	0
31475840	0
31475841	0
31475842	0
31475843	0
31475844	0
31475845	0
31475846	0
31475847	0
31475848	0
31475849	0
31475850	0
31475851	0
31475852	0
31475853	0
31475854	0
31475855	0
31475856	0
31475857	0
31475858	0
31475859	0
31475860	0
31475861	0
31475862	0
31475863	0
31475864	0
31475865	0
31475866	0
31475867	0
31475868	0
31475869	0
31475870	0
31475871	0
31475872	0
31475873	0
31475874	0
31475875	0
31475876	0
31475877	0
31475878	0
31475879	0
31475880	0
31475881	0
31475882	0
31475883	0
31475884	0
31475885	0
31475886	0
31475887	0
31475888	0
31475889	0
31475890	0
31475891	0
31475892	0
31475893	0
31475894	0
31475895	0
31475896	0
31475897	0
31475898	0
31475899	0
31475900	0
31475901	0
31475902	0
31475903	0
31475904	0
31475905	0
31475906	0
31475907	0
31475908	0
31475909	0
31475910	0
31475911	0
31475912	0
31475913	0
31475914	0
31475915	0
31475916	0
31475917	0
31475918	0
31475919	0
31475920	0
31475921	0
31475922	0
31475923	0
31475924	0
31475925	0
31475926	0
31475927	0
31475928	0
31475929	0
31475930	0
31475931	0
31475932	0
31475933	0
31475934	0
31475935	0
31475936	0
31475937	0
31475938	0
31475939	0
31475940	0
31475941	0
31475942	0
31475943	0
31475944	0
31475945	0
31475946	0
31475947	0
31475948	0
31475949	0
31475950	0
31475951	0
31475952	0
31475953	0
31475954	0
31475955	0
31475956	0
31475957	0
31475958	0
31475959	0
31475960	0
31475961	0
31475962	0
31475963	0
31475964	0
31475965	0
31475966	0
31475967	0
31475968	0
31475969	0
31475970	0
31475971	0
31475972	0
31475973	0
31475974	0
31475975	0
31475976	0
31475977	0
31475978	0
31475979	0
31475980	0
31475981	0
31475982	0
31475983	0
31475984	0
31475985	0
31475986	0
31475987	0
31475988	0
31475989	0
31475990	0
31475991	0
31475992	0
31475993	0
31475994	0
31475995	0
31475996	0
31475997	0
31475998	0
31475999	0
31476000	0
31476001	0
31476002	0
31476003	0
31476004	0
31476005	0
31476006	1
31476007	1
31476008	1
31476009	1
31476010	1
31476011	1
31476012	1
31476013	1
31476014	1
31476015	1
31476016	1
31476017	1
31476018	1
31476019	1
31476020	1
31476021	1
31476022	1
31476023	1
31476024	1
31476025	1
31476026	1
31476027	1
31476028	1
31476029	1
31476030	1
31476031	1
31476032	1
31476033	1
31476034	1
31476035	1
31476036	1
31476037	1
31476038	1
31476039	1
31476040	1
31476041	1
31476042	1
31476043	1
31476044	1
31476045	1
31476046	1
31476047	1
31476048	1
31476049	1
31476050	1
31476051	1
31476052	1
31476053	1
31476054	1
31476055	1
31476056	1
31476057	1
31476058	1
31476059	1
31476060	1
31476061	1
31476062	1
31476063	1
31476064	1
31476065	1
31476066	1
31476067	1
31476068	1
31476069	1
31476070	1
31476071	1
31476072	1
31476073	1
31476074	1
31476075	1
31476076	1
31476077	1
31476078	1
31476079	1
31476080	1
31476081	1
31476082	1
31476083	1
31476084	1
31476085	0
31476086	0
31476087	0
31476088	0
31476089	0
31476090	0
31476091	0
31476092	0
31476093	0
31476094	0
31476095	0
31476096	0
31476097	0
31476098	0
31476099	0
31476100	0
31476101	0
31476102	0
31476103	0
31476104	0
31476105	0
31476106	0
31476107	0
31476108	0
31476109	0
31476110	0
31476111	0
31476112	0
31476113	0
31476114	0
31476115	0
31476116	0
31476117	0
31476118	0
31476119	0
31476120	0
31476121	0
31476122	0
31476123	0
31476124	0
31476125	0
31476126	0
31476127	0
31476128	0
31476129	0
31476130	0
31476131	0
31476132	0
31476133	0
31476134	0
31476135	0
31476136	0
31476137	0
31476138	0
31476139	0
31476140	0
31476141	0
31476142	0
31476143	0
31476144	0
31476145	0
31476146	0
31476147	0
31476148	0
31476149	0
31476150	0
31476151	0
31476152	0
31476153	0
31476154	0
31476155	0
31476156	0
31476157	0
31476158	0
31476159	0
31476160	0
31476161	0
31476162	0
31476163	0
31476164	0
31476165	0
31476166	0
31476167	0
31476168	0
31476169	0
31476170	0
31476171	0
31476172	0
31476173	0
31476174	0
31476175	0
31476176	0
31476177	0
31476178	0
31476179	0
31476180	0
31476181	0
31476182	0
31476183	0
31476184	0
31476185	0
31476186	0
31476187	0
31476188	0
31476189	0
31476190	0
31476191	0
31476192	0
31476193	0
31476194	0
31476195	0
31476196	0
31476197	0
31476198	0
31476199	0
31476200	0
31476201	0
31476202	0
31476203	0
31476204	0
31476205	0
31476206	0
31476207	0
31476208	0
31476209	0
31476210	0
31476211	0
31476212	0
31476213	0
31476214	0
31476215	0
31476216	0
31476217	0
31476218	0
31476219	0
31476220	0
31476221	0
31476222	0
31476223	0
31476224	0
31476225	0
31476226	0
31476227	0
31476228	0
31476229	0
31476230	0
31476231	0
31476232	0
31476233	0
31476234	0
31476235	0
31476236	0
31476237	0
31476238	0
31476239	0
31476240	0
31476241	0
31476242	0
31476243	0
31476244	0
31476245	0
31476246	0
31476247	0
31476248	0
31476249	0
31476250	0
31476251	0
31476252	0
31476253	0
31476254	0
31476255	0
31476256	0
31476257	0
31476258	0
31476259	0
31476260	0
31476261	0
31476262	0
31476263	0
31476264	0
31476265	0
31476266	0
31476267	0
31476268	0
31476269	0
31476270	0
31476271	0
31476272	0
31476273	0
31476274	0
31476275	0
31476276	0
31476277	0
31476278	0
31476279	0
31476280	0
31476281	0
31476282	0
31476283	0
31476284	0
31476285	0
31476286	0
31476287	0
31476288	0
31476289	0
31476290	0
31476291	0
31476292	0
31476293	0
31476294	0
31476295	0
31476296	0
31476297	0
31476298	0
31476299	0
31476300	0
31476301	0
31476302	0
31476303	0
31476304	0
31476305	0
31476306	0
31476307	0
31476308	0
31476309	0
31476310	0
31476311	0
31476312	0
31476313	0
31476314	0
31476315	0
31476316	0
31476317	0
31476318	0
31476319	0
31476320	0
31476321	0
31476322	0
31476323	0
31476324	0
31476325	0
31476326	0
31476327	0
31476328	0
31476329	0
31476330	0
31476331	0
31476332	0
31476333	0
31476334	0
31476335	0
31476336	0
31476337	0
31476338	0
31476339	0
31476340	0
31476341	0
31476342	0
31476343	0
31476344	0
31476345	0
31476346	0
31476347	0
31476348	0
31476349	0
31476350	0
31476351	0
31476352	0
31476353	0
31476354	0
31476355	0
31476356	0
31476357	0
31476358	0
31476359	0
31476360	0
31476361	0
31476362	0
31476363	0
31476364	0
31476365	0
31476366	0
31476367	0
31476368	0
31476369	0
31476370	0
31476371	0
31476372	0
31476373	0
31476374	0
31476375	0
31476376	0
31476377	0
31476378	0
31476379	0
31476380	0
31476381	0
31476382	0
31476383	0
31476384	0
31476385	0
31476386	0
31476387	0
31476388	0
31476389	0
31476390	0
31476391	0
31476392	0
31476393	0
31476394	0
31476395	0
31476396	0
31476397	0
31476398	0
31476399	0
31476400	0
31476401	0
31476402	0
31476403	0
31476404	0
31476405	0
31476406	0
31476407	0
31476408	0
31476409	0
31476410	0
31476411	0
31476412	0
31476413	0
31476414	0
31476415	0
31476416	0
31476417	0
31476418	0
31476419	0
31476420	0
31476421	0
31476422	0
31476423	0
31476424	0
31476425	0
31476426	0
31476427	0
31476428	0
31476429	0
31476430	0
31476431	0
31476432	0
31476433	0
31476434	0
31476435	0
31476436	0
31476437	0
31476438	0
31476439	0
31476440	0
31476441	0
31476442	0
31476443	0
31476444	0
31476445	0
31476446	0
31476447	0
31476448	0
31476449	0
31476450	0
31476451	0
31476452	0
31476453	0
31476454	0
31476455	0
31476456	0
31476457	0
31476458	0
31476459	0
31476460	0
31476461	0
31476462	0
31476463	0
31476464	0
31476465	0
31476466	0
31476467	0
31476468	0
31476469	0
31476470	0
31476471	0
31476472	0
31476473	0
31476474	0
31476475	0
31476476	0
31476477	0
31476478	0
31476479	0
31476480	0
31476481	0
31476482	0
31476483	0
31476484	0
31476485	0
31476486	0
31476487	0
31476488	0
31476489	0
31476490	0
31476491	0
31476492	0
31476493	0
31476494	0
31476495	0
31476496	0
31476497	0
31476498	0
31476499	0
31476500	0
31476501	0
31476502	0
31476503	0
31476504	0
31476505	0
31476506	0
31476507	0
31476508	0
31476509	0
31476510	0
31476511	0
31476512	0
31476513	0
31476514	0
31476515	0
31476516	0
31476517	0
31476518	0
31476519	0
31476520	0
31476521	0
31476522	0
31476523	0
31476524	0
31476525	0
31476526	0
31476527	0
31476528	0
31476529	0
31476530	0
31476531	0
31476532	0
31476533	0
31476534	0
31476535	0
31476536	0
31476537	0
31476538	0
31476539	0
31476540	0
31476541	0
31476542	0
31476543	0
31476544	0
31476545	0
31476546	0
31476547	0
31476548	0
31476549	0
31476550	0
31476551	0
31476552	0
31476553	0
31476554	0
31476555	0
31476556	0
31476557	0
31476558	0
31476559	0
31476560	0
31476561	0
31476562	0
31476563	0
31476564	0
31476565	0
31476566	0
31476567	0
31476568	0
31476569	0
31476570	0
31476571	0
31476572	0
31476573	0
31476574	0
31476575	0
31476576	0
31476577	0
31476578	0
31476579	0
31476580	0
31476581	0
31476582	0
31476583	0
31476584	0
31476585	0
31476586	0
31476587	0
31476588	0
31476589	0
31476590	0
31476591	0
31476592	0
31476593	0
31476594	0
31476595	0
31476596	0
31476597	0
31476598	0
31476599	0
31476600	0
31476601	0
31476602	0
31476603	0
31476604	0
31476605	0
31476606	0
31476607	0
31476608	0
31476609	0
31476610	0
31476611	0
31476612	0
31476613	0
31476614	0
31476615	0
31476616	0
31476617	0
31476618	0
31476619	0
31476620	0
31476621	0
31476622	0
31476623	0
31476624	0
31476625	0
31476626	0
31476627	0
31476628	1
31476629	1
31476630	1
31476631	1
31476632	1
31476633	1
31476634	1
31476635	1
31476636	1
31476637	1
31476638	1
31476639	1
31476640	1
31476641	1
31476642	1
31476643	1
31476644	1
31476645	1
31476646	1
31476647	1
31476648	1
31476649	1
31476650	1
31476651	1
31476652	1
31476653	1
31476654	1
31476655	1
31476656	1
31476657	1
31476658	1
31476659	1
31476660	1
31476661	1
31476662	1
31476663	1
31476664	1
31476665	1
31476666	1
31476667	1
31476668	1
31476669	1
31476670	1
31476671	1
31476672	1
31476673	1
31476674	1
31476675	1
31476676	1
31476677	1
31476678	1
31476679	1
31476680	1
31476681	1
31476682	1
31476683	1
31476684	1
31476685	1
31476686	1
31476687	1
31476688	1
31476689	1
31476690	1
31476691	1
31476692	1
31476693	1
31476694	1
31476695	1
31476696	1
31476697	1
31476698	1
31476699	1
31476700	1
31476701	1
31476702	1
31476703	1
31476704	1
31476705	1
31476706	1
31476707	1
31476708	1
31476709	1
31476710	1
31476711	1
31476712	1
31476713	1
31476714	1
31476715	1
31476716	1
31476717	1
31476718	0
31476719	0
31476720	0
31476721	0
31476722	0
31476723	0
31476724	0
31476725	0
31476726	0
31476727	0
31476728	0
31476729	0
31476730	0
31476731	0
31476732	0
31476733	0
31476734	0
31476735	0
31476736	0
31476737	0
31476738	0
31476739	0
31476740	0
31476741	0
31476742	0
31476743	0
31476744	0
31476745	0
31476746	0
31476747	0
31476748	0
31476749	0
31476750	0
31476751	0
31476752	0
31476753	0
31476754	0
31476755	0
31476756	0
31476757	0
31476758	0
31476759	0
31476760	0
31476761	0
31476762	0
31476763	0
31476764	0
31476765	0
31476766	0
31476767	0
31476768	0
31476769	0
31476770	0
31476771	0
31476772	0
31476773	0
31476774	0
31476775	0
31476776	0
31476777	0
31476778	0
31476779	0
31476780	0
31476781	0
31476782	0
31476783	0
31476784	0
31476785	0
31476786	0
31476787	0
31476788	0
31476789	0
31476790	0
31476791	0
31476792	0
31476793	0
31476794	0
31476795	0
31476796	0
31476797	0
31476798	0
31476799	0
31476800	0
31476801	0
31476802	0
31476803	0
31476804	0
31476805	0
31476806	0
31476807	0
31476808	0
31476809	0
31476810	0
31476811	0
31476812	0
31476813	0
31476814	0
31476815	0
31476816	0
31476817	0
31476818	0
31476819	0
31476820	0
31476821	0
31476822	0
31476823	0
31476824	0
31476825	0
31476826	0
31476827	0
31476828	0
31476829	0
31476830	0
31476831	0
31476832	0
31476833	0
31476834	0
31476835	0
31476836	0
31476837	0
31476838	0
31476839	0
31476840	0
31476841	0
31476842	0
31476843	0
31476844	0
31476845	0
31476846	0
31476847	0
31476848	0
31476849	0
31476850	0
31476851	0
31476852	0
31476853	0
31476854	0
31476855	0
31476856	0
31476857	0
31476858	0
31476859	0
31476860	0
31476861	0
31476862	0
31476863	0
31476864	0
31476865	0
31476866	0
31476867	0
31476868	0
31476869	0
31476870	0
31476871	0
31476872	0
31476873	0
31476874	0
31476875	0
31476876	0
31476877	0
31476878	0
31476879	0
31476880	0
31476881	0
31476882	0
31476883	0
31476884	0
31476885	0
31476886	0
31476887	0
31476888	0
31476889	0
31476890	0
31476891	0
31476892	0
31476893	0
31476894	0
31476895	0
31476896	0
31476897	0
31476898	0
31476899	0
31476900	0
31476901	0
31476902	0
31476903	0
31476904	0
31476905	0
31476906	0
31476907	0
31476908	0
31476909	0
31476910	0
31476911	0
31476912	0
31476913	0
31476914	0
31476915	0
31476916	0
31476917	0
31476918	0
31476919	0
31476920	0
31476921	0
31476922	0
31476923	0
31476924	0
31476925	0
31476926	0
31476927	0
31476928	0
31476929	0
31476930	0
31476931	0
31476932	0
31476933	0
31476934	0
31476935	0
31476936	0
31476937	0
31476938	0
31476939	0
31476940	0
31476941	0
31476942	0
31476943	0
31476944	0
31476945	0
31476946	0
31476947	0
31476948	0
31476949	0
31476950	0
31476951	0
31476952	0
31476953	0
31476954	0
31476955	0
31476956	0
31476957	0
31476958	0
31476959	0
31476960	0
31476961	0
31476962	0
31476963	0
31476964	0
31476965	0
31476966	0
31476967	0
31476968	0
31476969	0
31476970	0
31476971	0
31476972	0
31476973	0
31476974	0
31476975	0
31476976	0
31476977	0
31476978	0
31476979	0
31476980	0
31476981	0
31476982	0
31476983	0
31476984	0
31476985	0
31476986	0
31476987	0
31476988	0
31476989	0
31476990	0
31476991	0
31476992	0
31476993	0
31476994	0
31476995	0
31476996	0
31476997	0
31476998	0
31476999	0
31477000	0
31477001	0
31477002	0
31477003	0
31477004	0
31477005	0
31477006	0
31477007	0
31477008	0
31477009	0
31477010	0
31477011	0
31477012	0
31477013	0
31477014	0
31477015	0
31477016	0
31477017	0
31477018	0
31477019	0
31477020	0
31477021	0
31477022	0
31477023	0
31477024	0
31477025	0
31477026	0
31477027	0
31477028	0
31477029	0
31477030	0
31477031	0
31477032	0
31477033	0
31477034	0
31477035	0
31477036	0
31477037	0
31477038	0
31477039	0
31477040	0
31477041	0
31477042	0
31477043	0
31477044	0
31477045	0
31477046	0
31477047	0
31477048	0
31477049	0
31477050	0
31477051	0
31477052	0
31477053	0
31477054	0
31477055	0
31477056	0
31477057	0
31477058	0
31477059	0
31477060	0
31477061	0
31477062	0
31477063	0
31477064	0
31477065	0
31477066	0
31477067	0
31477068	0
31477069	0
31477070	0
31477071	0
31477072	0
31477073	0
31477074	0
31477075	0
31477076	0
31477077	0
31477078	0
31477079	0
31477080	0
31477081	0
31477082	0
31477083	0
31477084	0
31477085	0
31477086	0
31477087	0
31477088	0
31477089	1
31477090	1
31477091	1
31477092	1
31477093	1
31477094	1
31477095	1
31477096	1
31477097	1
31477098	1
31477099	1
31477100	1
31477101	1
31477102	1
31477103	1
31477104	1
31477105	1
31477106	1
31477107	1
31477108	1
31477109	1
31477110	1
31477111	1
31477112	1
31477113	1
31477114	1
31477115	1
31477116	1
31477117	1
31477118	1
31477119	1
31477120	1
31477121	1
31477122	1
31477123	1
31477124	1
31477125	1
31477126	1
31477127	1
31477128	1
31477129	1
31477130	1
31477131	1
31477132	1
31477133	1
31477134	1
31477135	1
31477136	1
31477137	1
31477138	1
31477139	1
31477140	1
31477141	1
31477142	1
31477143	1
31477144	1
31477145	1
31477146	1
31477147	1
31477148	1
31477149	1
31477150	1
31477151	1
31477152	1
31477153	1
31477154	1
31477155	1
31477156	1
31477157	1
31477158	1
31477159	1
31477160	1
31477161	1
31477162	1
31477163	1
31477164	1
31477165	1
31477166	1
31477167	1
31477168	1
31477169	1
31477170	1
31477171	1
31477172	1
31477173	1
31477174	1
31477175	1
31477176	1
31477177	1
31477178	1
31477179	1
31477180	1
31477181	1
31477182	1
31477183	1
31477184	1
31477185	1
31477186	1
31477187	1
31477188	1
31477189	0
31477190	0
31477191	0
31477192	0
31477193	0
31477194	0
31477195	0
31477196	0
31477197	0
31477198	0
31477199	0
31477200	0
31477201	0
31477202	0
31477203	0
31477204	0
31477205	0
31477206	0
31477207	0
31477208	0
31477209	0
31477210	0
31477211	0
31477212	0
31477213	0
31477214	0
31477215	0
31477216	0
31477217	0
31477218	0
31477219	0
31477220	0
31477221	0
31477222	0
31477223	0
31477224	0
31477225	0
31477226	0
31477227	0
31477228	0
31477229	0
31477230	0
31477231	0
31477232	0
31477233	0
31477234	0
31477235	0
31477236	0
31477237	0
31477238	0
31477239	0
31477240	0
31477241	0
31477242	0
31477243	0
31477244	0
31477245	0
31477246	0
31477247	0
31477248	0
31477249	0
31477250	0
31477251	0
31477252	0
31477253	0
31477254	0
31477255	0
31477256	0
31477257	0
31477258	0
31477259	0
31477260	0
31477261	0
31477262	0
31477263	0
31477264	0
31477265	0
31477266	0
31477267	0
31477268	0
31477269	0
31477270	0
31477271	0
31477272	0
31477273	0
31477274	0
31477275	0
31477276	0
31477277	0
31477278	0
31477279	0
31477280	0
31477281	0
31477282	0
31477283	0
31477284	0
31477285	0
31477286	0
31477287	0
31477288	0
31477289	0
31477290	0
31477291	0
31477292	0
31477293	0
31477294	0
31477295	0
31477296	0
31477297	0
31477298	0
31477299	0
31477300	0
31477301	0
31477302	0
31477303	0
31477304	0
31477305	0
31477306	0
31477307	0
31477308	0
31477309	0
31477310	0
31477311	0
31477312	0
31477313	0
31477314	0
31477315	0
31477316	0
31477317	0
31477318	0
31477319	0
31477320	0
31477321	0
31477322	0
31477323	0
31477324	0
31477325	0
31477326	0
31477327	0
31477328	0
31477329	0
31477330	0
31477331	0
31477332	0
31477333	0
31477334	0
31477335	0
31477336	0
31477337	0
31477338	0
31477339	0
31477340	0
31477341	0
31477342	0
31477343	0
31477344	0
31477345	0
31477346	0
31477347	0
31477348	0
31477349	0
31477350	0
31477351	0
31477352	0
31477353	0
31477354	0
31477355	0
31477356	0
31477357	0
31477358	0
31477359	0
31477360	0
31477361	0
31477362	0
31477363	0
31477364	0
31477365	0
31477366	0
31477367	0
31477368	0
31477369	0
31477370	0
31477371	0
31477372	0
31477373	0
31477374	0
31477375	0
31477376	0
31477377	0
31477378	0
31477379	0
31477380	0
31477381	0
31477382	0
31477383	0
31477384	0
31477385	0
31477386	0
31477387	0
31477388	0
31477389	0
31477390	0
31477391	0
31477392	0
31477393	0
31477394	0
31477395	0
31477396	0
31477397	0
31477398	0
31477399	0
31477400	0
31477401	0
31477402	0
31477403	0
31477404	0
31477405	0
31477406	0
31477407	0
31477408	0
31477409	0
31477410	0
31477411	0
31477412	0
31477413	0
31477414	0
31477415	0
31477416	0
31477417	0
31477418	0
31477419	0
31477420	0
31477421	0
31477422	0
31477423	0
31477424	0
31477425	0
31477426	0
31477427	0
31477428	0
31477429	0
31477430	0
31477431	0
31477432	0
31477433	0
31477434	0
31477435	0
31477436	0
31477437	0
31477438	0
31477439	0
31477440	0
31477441	0
31477442	0
31477443	0
31477444	0
31477445	0
31477446	0
31477447	0
31477448	0
31477449	0
31477450	0
31477451	0
31477452	0
31477453	0
31477454	0
31477455	0
31477456	0
31477457	0
31477458	0
31477459	0
31477460	0
31477461	0
31477462	0
31477463	0
31477464	0
31477465	0
31477466	0
31477467	0
31477468	0
31477469	0
31477470	0
31477471	0
31477472	0
31477473	0
31477474	0
31477475	0
31477476	0
31477477	0
31477478	0
31477479	0
31477480	0
31477481	0
31477482	0
31477483	0
31477484	0
31477485	0
31477486	0
31477487	0
31477488	0
31477489	0
31477490	0
31477491	0
31477492	0
31477493	0
31477494	0
31477495	0
31477496	0
31477497	0
31477498	0
31477499	0
31477500	0
31477501	0
31477502	0
31477503	0
31477504	0
31477505	0
31477506	0
31477507	0
31477508	0
31477509	0
31477510	0
31477511	0
31477512	0
31477513	0
31477514	0
31477515	0
31477516	0
31477517	0
31477518	0
31477519	0
31477520	0
31477521	0
31477522	0
31477523	0
31477524	0
31477525	0
31477526	0
31477527	0
31477528	0
31477529	0
31477530	0
31477531	0
31477532	0
31477533	0
31477534	0
31477535	0
31477536	0
31477537	0
31477538	0
31477539	0
31477540	0
31477541	0
31477542	0
31477543	0
31477544	0
31477545	0
31477546	0
31477547	0
31477548	0
31477549	0
31477550	0
31477551	0
31477552	0
31477553	0
31477554	0
31477555	0
31477556	0
31477557	0
31477558	0
31477559	0
31477560	0
31477561	0
31477562	0
31477563	0
31477564	0
31477565	0
31477566	0
31477567	0
31477568	0
31477569	0
31477570	0
31477571	0
31477572	0
31477573	0
31477574	0
31477575	0
31477576	0
31477577	0
31477578	0
31477579	0
31477580	0
31477581	0
31477582	0
31477583	0
31477584	0
31477585	0
31477586	0
31477587	0
31477588	0
31477589	0
31477590	0
31477591	0
31477592	0
31477593	0
31477594	0
31477595	0
31477596	0
31477597	0
31477598	0
31477599	0
31477600	0
31477601	0
31477602	0
31477603	0
31477604	0
31477605	0
31477606	0
31477607	0
31477608	0
31477609	0
31477610	0
31477611	0
31477612	0
31477613	0
31477614	0
31477615	0
31477616	0
31477617	0
31477618	0
31477619	0
31477620	0
31477621	0
31477622	0
31477623	0
31477624	0
31477625	0
31477626	0
31477627	0
31477628	0
31477629	0
31477630	0
31477631	0
31477632	0
31477633	0
31477634	0
31477635	0
31477636	0
31477637	0
31477638	0
31477639	0
31477640	0
31477641	0
31477642	0
31477643	0
31477644	0
31477645	0
31477646	0
31477647	0
31477648	0
31477649	0
31477650	0
31477651	0
31477652	0
31477653	0
31477654	0
31477655	0
31477656	0
31477657	0
31477658	0
31477659	0
31477660	0
31477661	0
31477662	0
31477663	0
31477664	0
31477665	0
31477666	0
31477667	0
31477668	0
31477669	0
31477670	0
31477671	0
31477672	0
31477673	0
31477674	0
31477675	0
31477676	0
31477677	0
31477678	0
31477679	0
31477680	0
31477681	0
31477682	0
31477683	0
31477684	0
31477685	0
31477686	0
31477687	0
31477688	0
31477689	0
31477690	0
31477691	0
31477692	0
31477693	0
31477694	0
31477695	0
31477696	0
31477697	0
31477698	0
31477699	0
31477700	0
31477701	0
31477702	0
31477703	0
31477704	0
31477705	0
31477706	0
31477707	0
31477708	0
31477709	0
31477710	0
31477711	0
31477712	0
31477713	0
31477714	0
31477715	0
31477716	0
31477717	0
31477718	0
31477719	0
31477720	0
31477721	0
31477722	0
31477723	0
31477724	0
31477725	0
31477726	0
31477727	0
31477728	0
31477729	0
31477730	0
31477731	0
31477732	0
31477733	0
31477734	0
31477735	0
31477736	0
31477737	0
31477738	0
31477739	0
31477740	0
31477741	0
31477742	0
31477743	0
31477744	0
31477745	0
31477746	0
31477747	0
31477748	0
31477749	0
31477750	0
31477751	0
31477752	0
31477753	0
31477754	0
31477755	0
31477756	0
31477757	0
31477758	0
31477759	0
31477760	0
31477761	0
31477762	0
31477763	0
31477764	0
31477765	0
31477766	0
31477767	0
31477768	0
31477769	0
31477770	0
31477771	0
31477772	0
31477773	0
31477774	0
31477775	0
31477776	0
31477777	0
31477778	0
31477779	0
31477780	0
31477781	0
31477782	0
31477783	0
31477784	0
31477785	0
31477786	0
31477787	0
31477788	0
31477789	0
31477790	0
31477791	0
31477792	0
31477793	0
31477794	0
31477795	0
31477796	0
31477797	0
31477798	0
31477799	0
31477800	0
31477801	0
31477802	0
31477803	0
31477804	0
31477805	0
31477806	0
31477807	0
31477808	0
31477809	0
31477810	0
31477811	0
31477812	0
31477813	0
31477814	0
31477815	0
31477816	0
31477817	0
31477818	0
31477819	0
31477820	0
31477821	0
31477822	0
31477823	0
31477824	0
31477825	0
31477826	1
31477827	1
31477828	2
31477829	2
31477830	2
31477831	2
31477832	2
31477833	2
31477834	2
31477835	2
31477836	2
31477837	2
31477838	2
31477839	2
31477840	2
31477841	2
31477842	2
31477843	2
31477844	2
31477845	2
31477846	2
31477847	2
31477848	2
31477849	2
31477850	2
31477851	2
31477852	2
31477853	2
31477854	2
31477855	2
31477856	2
31477857	2
31477858	2
31477859	2
31477860	2
31477861	2
31477862	2
31477863	2
31477864	2
31477865	2
31477866	2
31477867	2
31477868	2
31477869	2
31477870	2
31477871	2
31477872	2
31477873	2
31477874	2
31477875	2
31477876	2
31477877	2
31477878	2
31477879	2
31477880	2
31477881	2
31477882	2
31477883	2
31477884	2
31477885	2
31477886	2
31477887	2
31477888	2
31477889	2
31477890	2
31477891	2
31477892	2
31477893	2
31477894	2
31477895	2
31477896	2
31477897	2
31477898	2
31477899	2
31477900	2
31477901	2
31477902	2
31477903	2
31477904	2
31477905	2
31477906	2
31477907	2
31477908	2
31477909	2
31477910	2
31477911	2
31477912	2
31477913	2
31477914	2
31477915	2
31477916	2
31477917	2
31477918	2
31477919	2
31477920	2
31477921	1
31477922	0
31477923	0
31477924	0
31477925	0
31477926	0
31477927	0
31477928	1
31477929	1
31477930	1
31477931	1
31477932	1
31477933	1
31477934	1
31477935	1
31477936	1
31477937	1
31477938	1
31477939	1
31477940	1
31477941	1
31477942	1
31477943	1
31477944	1
31477945	1
31477946	1
31477947	1
31477948	1
31477949	1
31477950	1
31477951	1
31477952	1
31477953	1
31477954	1
31477955	1
31477956	1
31477957	1
31477958	1
31477959	1
31477960	1
31477961	1
31477962	1
31477963	1
31477964	1
31477965	1
31477966	1
31477967	1
31477968	1
31477969	1
31477970	1
31477971	1
31477972	1
31477973	1
31477974	1
31477975	1
31477976	1
31477977	1
31477978	1
31477979	1
31477980	1
31477981	1
31477982	1
31477983	1
31477984	1
31477985	1
31477986	1
31477987	1
31477988	1
31477989	1
31477990	1
31477991	1
31477992	1
31477993	1
31477994	1
31477995	1
31477996	1
31477997	1
31477998	1
31477999	1
31478000	1
31478001	1
31478002	1
31478003	1
31478004	1
31478005	1
31478006	1
31478007	1
31478008	1
31478009	1
31478010	1
31478011	1
31478012	1
31478013	1
31478014	1
31478015	1
31478016	1
31478017	1
31478018	0
31478019	0
31478020	1
31478021	1
31478022	1
31478023	1
31478024	1
31478025	1
31478026	1
31478027	1
31478028	1
31478029	1
31478030	1
31478031	1
31478032	1
31478033	1
31478034	1
31478035	1
31478036	1
31478037	1
31478038	1
31478039	1
31478040	1
31478041	1
31478042	1
31478043	1
31478044	1
31478045	1
31478046	1
31478047	1
31478048	1
31478049	1
31478050	1
31478051	1
31478052	1
31478053	1
31478054	1
31478055	1
31478056	1
31478057	1
31478058	1
31478059	1
31478060	1
31478061	1
31478062	1
31478063	1
31478064	1
31478065	1
31478066	1
31478067	1
31478068	1
31478069	1
31478070	1
31478071	1
31478072	1
31478073	1
31478074	1
31478075	1
31478076	1
31478077	1
31478078	1
31478079	1
31478080	1
31478081	1
31478082	1
31478083	1
31478084	1
31478085	1
31478086	1
31478087	1
31478088	1
31478089	1
31478090	1
31478091	1
31478092	1
31478093	1
31478094	1
31478095	1
31478096	1
31478097	1
31478098	1
31478099	1
31478100	1
31478101	1
31478102	1
31478103	1
31478104	1
31478105	1
31478106	1
31478107	1
31478108	1
31478109	1
31478110	1
31478111	1
31478112	1
31478113	1
31478114	1
31478115	1
31478116	1
31478117	1
31478118	1
31478119	1
31478120	0
31478121	0
31478122	0
31478123	0
31478124	0
31478125	0
31478126	0
31478127	0
31478128	0
31478129	0
31478130	0
31478131	0
31478132	0
31478133	0
31478134	0
31478135	0
31478136	0
31478137	0
31478138	0
31478139	0
31478140	0
31478141	0
31478142	0
31478143	0
31478144	0
31478145	0
31478146	0
31478147	0
31478148	0
31478149	0
31478150	0
31478151	0
31478152	0
31478153	0
31478154	0
31478155	0
31478156	0
31478157	0
31478158	0
31478159	0
31478160	0
31478161	0
31478162	0
31478163	0
31478164	0
31478165	0
31478166	0
31478167	0
31478168	0
31478169	0
31478170	0
31478171	0
31478172	0
31478173	0
31478174	0
31478175	0
31478176	0
31478177	0
31478178	0
31478179	0
31478180	0
31478181	0
31478182	0
31478183	0
31478184	0
31478185	0
31478186	0
31478187	0
31478188	0
31478189	0
31478190	0
31478191	0
31478192	0
31478193	0
31478194	0
31478195	0
31478196	0
31478197	0
31478198	0
31478199	0
31478200	0
31478201	0
31478202	0
31478203	0
31478204	0
31478205	0
31478206	0
31478207	0
31478208	0
31478209	0
31478210	0
31478211	0
31478212	0
31478213	0
31478214	0
31478215	0
31478216	0
31478217	0
31478218	0
31478219	0
31478220	0
31478221	0
31478222	0
31478223	0
31478224	0
31478225	0
31478226	0
31478227	0
31478228	0
31478229	0
31478230	0
31478231	0
31478232	0
31478233	0
31478234	0
31478235	0
31478236	0
31478237	0
31478238	0
31478239	0
31478240	0
31478241	0
31478242	0
31478243	0
31478244	0
31478245	0
31478246	0
31478247	0
31478248	0
31478249	0
31478250	0
31478251	0
31478252	0
31478253	0
31478254	0
31478255	0
31478256	0
31478257	0
31478258	0
31478259	0
31478260	0
31478261	0
31478262	0
31478263	0
31478264	0
31478265	0
31478266	0
31478267	0
31478268	0
31478269	0
31478270	0
31478271	0
31478272	0
31478273	0
31478274	0
31478275	0
31478276	0
31478277	0
31478278	0
31478279	0
31478280	0
31478281	0
31478282	0
31478283	0
31478284	0
31478285	0
31478286	0
31478287	0
31478288	0
31478289	0
31478290	0
31478291	0
31478292	0
31478293	0
31478294	0
31478295	0
31478296	0
31478297	0
31478298	0
31478299	0
31478300	0
31478301	0
31478302	0
31478303	0
31478304	0
31478305	0
31478306	0
31478307	0
31478308	0
31478309	0
31478310	0
31478311	0
31478312	0
31478313	0
31478314	0
31478315	0
31478316	0
31478317	0
31478318	0
31478319	0
31478320	0
31478321	0
31478322	0
31478323	0
31478324	0
31478325	0
31478326	0
31478327	0
31478328	0
31478329	0
31478330	0
31478331	0
31478332	0
31478333	0
31478334	0
31478335	0
31478336	0
31478337	0
31478338	0
31478339	0
31478340	0
31478341	0
31478342	0
31478343	0
31478344	0
31478345	0
31478346	0
31478347	0
31478348	0
31478349	0
31478350	0
31478351	0
31478352	0
31478353	0
31478354	0
31478355	0
31478356	0
31478357	0
31478358	0
31478359	0
31478360	0
31478361	0
31478362	0
31478363	0
31478364	0
31478365	0
31478366	0
31478367	0
31478368	0
31478369	0
31478370	0
31478371	0
31478372	0
31478373	0
31478374	0
31478375	0
31478376	0
31478377	0
31478378	0
31478379	0
31478380	0
31478381	0
31478382	0
31478383	0
31478384	0
31478385	0
31478386	0
31478387	0
31478388	0
31478389	0
31478390	0
31478391	0
31478392	0
31478393	0
31478394	0
31478395	0
31478396	0
31478397	0
31478398	0
31478399	0
31478400	0
31478401	0
31478402	0
31478403	0
31478404	0
31478405	0
31478406	0
31478407	0
31478408	0
31478409	0
31478410	0
31478411	0
31478412	0
31478413	0
31478414	0
31478415	0
31478416	0
31478417	0
31478418	0
31478419	0
31478420	0
31478421	0
31478422	0
31478423	0
31478424	0
31478425	0
31478426	0
31478427	0
31478428	0
31478429	0
31478430	0
31478431	0
31478432	0
31478433	0
31478434	0
31478435	0
31478436	0
31478437	0
31478438	0
31478439	0
31478440	0
31478441	0
31478442	0
31478443	0
31478444	0
31478445	0
31478446	0
31478447	0
31478448	0
31478449	0
31478450	0
31478451	0
31478452	0
31478453	0
31478454	0
31478455	0
31478456	0
31478457	0
31478458	0
31478459	0
31478460	0
31478461	0
31478462	0
31478463	0
31478464	0
31478465	0
31478466	0
31478467	0
31478468	0
31478469	0
31478470	0
31478471	0
31478472	0
31478473	0
31478474	0
31478475	0
31478476	0
31478477	0
31478478	0
31478479	0
31478480	0
31478481	0
31478482	0
31478483	0
31478484	0
31478485	0
31478486	0
31478487	0
31478488	0
31478489	0
31478490	0
31478491	0
31478492	0
31478493	0
31478494	0
31478495	0
31478496	0
31478497	0
31478498	0
31478499	0
31478500	0
31478501	0
31478502	0
31478503	0
31478504	0
31478505	0
31478506	0
31478507	0
31478508	0
31478509	0
31478510	0
31478511	0
31478512	0
31478513	0
31478514	0
31478515	0
31478516	0
31478517	0
31478518	0
31478519	0
31478520	0
31478521	0
31478522	0
31478523	0
31478524	0
31478525	0
31478526	0
31478527	0
31478528	0
31478529	0
31478530	0
31478531	0
31478532	0
31478533	0
31478534	0
31478535	0
31478536	0
31478537	0
31478538	0
31478539	0
31478540	0
31478541	0
31478542	0
31478543	0
31478544	0
31478545	0
31478546	0
31478547	0
31478548	0
31478549	0
31478550	0
31478551	0
31478552	0
31478553	0
31478554	0
31478555	0
31478556	0
31478557	0
31478558	0
31478559	0
31478560	0
31478561	0
31478562	0
31478563	0
31478564	0
31478565	0
31478566	0
31478567	0
31478568	0
31478569	0
31478570	0
31478571	0
31478572	0
31478573	0
31478574	0
31478575	0
31478576	0
31478577	0
31478578	0
31478579	0
31478580	0
31478581	0
31478582	0
31478583	0
31478584	0
31478585	0
31478586	0
31478587	0
31478588	0
31478589	0
31478590	0
31478591	0
31478592	0
31478593	0
31478594	0
31478595	0
31478596	0
31478597	0
31478598	0
31478599	0
31478600	0
31478601	0
31478602	0
31478603	0
31478604	0
31478605	0
31478606	0
31478607	0
31478608	0
31478609	0
31478610	0
31478611	0
31478612	0
31478613	0
31478614	0
31478615	0
31478616	0
31478617	0
31478618	0
31478619	0
31478620	0
31478621	0
31478622	0
31478623	0
31478624	0
31478625	0
31478626	0
31478627	0
31478628	0
31478629	0
31478630	0
31478631	0
31478632	0
31478633	0
31478634	0
31478635	0
31478636	0
31478637	0
31478638	0
31478639	0
31478640	0
31478641	0
31478642	0
31478643	0
31478644	0
31478645	0
31478646	0
31478647	0
31478648	0
31478649	0
31478650	0
31478651	0
31478652	0
31478653	0
31478654	0
31478655	0
31478656	0
31478657	0
31478658	0
31478659	0
31478660	0
31478661	0
31478662	0
31478663	0
31478664	0
31478665	0
31478666	0
31478667	0
31478668	0
31478669	0
31478670	0
31478671	0
31478672	0
31478673	0
31478674	0
31478675	0
31478676	0
31478677	0
31478678	0
31478679	0
31478680	0
31478681	0
31478682	0
31478683	0
31478684	0
31478685	0
31478686	0
31478687	0
31478688	0
31478689	0
31478690	0
31478691	0
31478692	0
31478693	0
31478694	0
31478695	0
31478696	0
31478697	0
31478698	0
31478699	0
31478700	0
31478701	0
31478702	0
31478703	0
31478704	0
31478705	0
31478706	0
31478707	0
31478708	0
31478709	0
31478710	0
31478711	0
31478712	0
31478713	0
31478714	0
31478715	0
31478716	0
31478717	0
31478718	0
31478719	0
31478720	0
31478721	0
31478722	0
31478723	0
31478724	0
31478725	0
31478726	0
31478727	0
31478728	0
31478729	0
31478730	0
31478731	0
31478732	0
31478733	0
31478734	0
31478735	0
31478736	0
31478737	0
31478738	0
31478739	0
31478740	0
31478741	0
31478742	0
31478743	0
31478744	0
31478745	0
31478746	0
31478747	0
31478748	0
31478749	0
31478750	0
31478751	0
31478752	0
31478753	0
31478754	0
31478755	0
31478756	0
31478757	0
31478758	0
31478759	0
31478760	0
31478761	0
31478762	0
31478763	0
31478764	0
31478765	0
31478766	0
31478767	0
31478768	0
31478769	0
31478770	0
31478771	0
31478772	0
31478773	0
31478774	0
31478775	0
31478776	0
31478777	0
31478778	0
31478779	0
31478780	0
31478781	0
31478782	0
31478783	0
31478784	0
31478785	0
31478786	0
31478787	0
31478788	0
31478789	0
31478790	0
31478791	0
31478792	0
31478793	0
31478794	0
31478795	0
31478796	0
31478797	0
31478798	0
31478799	0
31478800	0
31478801	0
31478802	0
31478803	0
31478804	0
31478805	0
31478806	0
31478807	0
31478808	0
31478809	0
31478810	0
31478811	0
31478812	0
31478813	0
31478814	0
31478815	0
31478816	0
31478817	0
31478818	0
31478819	0
31478820	0
31478821	0
31478822	0
31478823	0
31478824	0
31478825	0
31478826	0
31478827	0
31478828	0
31478829	0
31478830	0
31478831	0
31478832	0
31478833	0
31478834	0
31478835	0
31478836	0
31478837	0
31478838	0
31478839	0
31478840	0
31478841	0
31478842	0
31478843	0
31478844	0
31478845	0
31478846	0
31478847	0
31478848	0
31478849	0
31478850	0
31478851	0
31478852	0
31478853	0
31478854	0
31478855	0
31478856	0
31478857	0
31478858	0
31478859	0
31478860	0
31478861	0
31478862	0
31478863	0
31478864	0
31478865	0
31478866	0
31478867	0
31478868	0
31478869	0
31478870	0
31478871	0
31478872	0
31478873	0
31478874	0
31478875	0
31478876	0
31478877	0
31478878	0
31478879	0
31478880	0
31478881	0
31478882	0
31478883	0
31478884	0
31478885	0
31478886	0
31478887	0
31478888	0
31478889	0
31478890	0
31478891	0
31478892	0
31478893	0
31478894	0
31478895	0
31478896	0
31478897	0
31478898	0
31478899	0
31478900	0
31478901	0
31478902	0
31478903	0
31478904	0
31478905	0
31478906	0
31478907	0
31478908	0
31478909	0
31478910	0
31478911	0
31478912	0
31478913	0
31478914	0
31478915	0
31478916	0
31478917	0
31478918	0
31478919	0
31478920	0
31478921	0
31478922	0
31478923	0
31478924	0
31478925	0
31478926	0
31478927	0
31478928	0
31478929	0
31478930	0
31478931	0
31478932	0
31478933	0
31478934	0
31478935	0
31478936	0
31478937	0
31478938	0
31478939	0
31478940	0
31478941	0
31478942	0
31478943	0
31478944	0
31478945	0
31478946	0
31478947	0
31478948	0
31478949	0
31478950	0
31478951	0
31478952	0
31478953	0
31478954	0
31478955	0
31478956	0
31478957	0
31478958	0
31478959	0
31478960	0
31478961	0
31478962	0
31478963	0
31478964	0
31478965	0
31478966	0
31478967	0
31478968	0
31478969	0
31478970	0
31478971	0
31478972	0
31478973	0
31478974	0
31478975	0
31478976	0
31478977	0
31478978	0
31478979	0
31478980	0
31478981	0
31478982	0
31478983	0
31478984	0
31478985	0
31478986	0
31478987	0
31478988	0
31478989	0
31478990	0
31478991	0
31478992	0
31478993	0
31478994	0
31478995	0
31478996	0
31478997	0
31478998	0
31478999	0
31479000	0
31479001	0
31479002	0
31479003	0
31479004	0
31479005	0
31479006	0
31479007	0
31479008	0
31479009	0
31479010	0
31479011	0
31479012	0
31479013	0
31479014	0
31479015	0
31479016	0
31479017	0
31479018	0
31479019	0
31479020	0
31479021	0
31479022	0
31479023	0
31479024	0
